1.1140572478307507
2.199487078721272
1.6012457791460755
2.3142274909799183
0.5880675742657705
2.214742867851626
3.4248138757765245
2.925968130759266
1.962755473816829
2.4580244268642546
4.256891172110011
3.5552675597634833
2.841458944419682
2.926751270104584
4.976873260975114
10.275180249848
0.6267565666681784
2.3583547656836346
1.904458249396118
2.9839410972675706
6.712698171655016
8.38447779701418
8.106114879919485
7.991882830750749
2.8789880332414906
2.345883643396013
2.9788255081088835
3.2428898540887134
2.536918524267675
3.9107983132822053
3.244015535278165
3.3935031725931095
2.676451250759669
2.5533334855647825
3.2104413344029683
2.453985744509819
2.4080686070366237
1.82807953895651
1.8468973935167166
3.211705859634176
1.623596918536589
1.9293643443101336
2.4601203045860873
3.4455524936343136
1.7249392546514875
2.077268796550117
2.631861495728617
2.488540792551938
1.3770601188241633
1.9496242534720352
4.5909768668150654
3.8401130252857434
1.5757511628930194
2.083007980309816
3.0678042721809184
2.821761723465592
1.6626089145287242
2.289058613281254
2.7963338073813517
2.7110163140135675
3.4214589394931276
3.1554695951708465
3.9273506677184935
3.641771861713092
4.2399200538837825
5.849038617816789
4.8814221665944775
5.816195658938847
2.1691111547973834
2.1402983927399974
3.7131621107300306
2.649555587527554
1.083053374380452
2.224608197069183
2.761991434378179
3.3283394241149913
3.773627231382946
3.726603594685348
4.875046674616267
3.6688936520576862
1.6735868923643156
1.8001805535381925
2.874921337690319
3.5541831193780618
2.4092195359628454
2.968952322975729
16.163353180703357
3.954792610895851
0.9207087058315189
1.4441310089967547
2.7648992917188857
2.23430817452304
3.2094331484183694
4.085620644059152
4.177002526594138
4.81094352162011
2.355238507970324
3.358711119747197
3.048429605121376
4.604059715261895
4.85747727250934
5.924721993328583
6.744772946394069
5.177423049279111
0.9145416454961729
1.058975293827009
1.4905079451176584
2.274288505804433
1.6547029875732677
3.182726160568039
3.855847331468369
4.470705374407423
3.084001059658978
1.6697077557014701
2.2543071090460765
2.55284562242344
1.443621845338422
2.346772819615039
3.213410662647071
3.5687034701255844
1.0339559084032846
1.4627754308390084
1.9318090157779702
3.6182040370092685
2.709912442949353
4.183016310943786
3.631235101648589
3.3315646154297553
1.8826230588362982
2.4477106924343195
3.1906563496020013
3.2222890181276593
1.9900741631203485
5.879139060744379
3.4896143635991312
4.562571404418717
0.769218071775046
1.2839398450668544
2.0916898496886116
2.2311424992048
3.2128603654395684
4.987482279598824
5.248837009705529
5.491638092221129
2.5938662681675178
3.8402902378781043
5.081388081634842
3.339771982859939
1.5714850269892504
1.70162294795977
2.734390060699012
5.2664638536659885
0.9380051593329913
2.2316690966216233
1.8502502863635089
2.8165439118170723
3.954620257069869
3.412033732767885
4.046448684974315
8.377893826935729
2.8246011940305022
4.161034529836581
3.3866500868625486
3.8719211295649947
1.7210769244908182
2.3367224444372563
4.10856548258307
5.02524857820276
1.7853999409864159
2.7299194265639786
4.290009454359133
5.49678325159339
2.311746410580892
3.5410013130658755
4.180568861772616
6.2670077019092405
0.793795201434616
1.6934920607705741
2.11754237239584
2.087119840956736
2.038232801455953
2.6332892657389424
3.020352180776367
3.704870767151602
1.6034325298473426
2.8604265567617637
2.2430722644803334
4.777350393219383
0.7321999959682935
1.5383189028864774
2.4675282875463975
2.150131749950864
1.4512385353826232
1.2430398664073412
3.370783059519431
3.066349537202437
1.3581130322899722
3.791029486637708
3.6752347962840206
3.2124954893591497
1.7575594070699705
2.5091444312476225
3.160141552633417
3.92910431124293
1.4534334487016791
1.939720035309152
1.6677616762151148
2.6521706510799237
3.1423155353755674
2.7368792362733445
3.403974367558234
3.6070333003886574
2.5538117160556153
4.504843549606352
3.4952956352639246
6.119898008145493
4.770495341007465
6.699738226371819
5.803338436553444
7.5085857766016915
0.8128088242872018
2.927716220091431
1.541031949071713
2.0381515847965566
2.035111519012724
2.3693159142757545
3.7688172589778826
3.559288225967069
1.8767197232228585
3.094915809607743
3.3915462823650264
6.350169978245732
1.042117811321885
1.2196568128298946
2.320265184550404
3.122303865757929
3.745180122966969
5.32154848873881
5.2879181144780025
6.244163049831758
1.5510279359573942
2.461631113150165
3.2488378139916496
2.4959350568159513
1.8860510173301581
2.7871087501504563
3.542016401832673
4.229711227002048
3.0380548740413076
3.590455270139954
3.605334377092356
4.907773944056369
2.65829386693172
4.184995183212126
4.186615390982085
6.0160981746049975
2.622781752885675
3.2073561917834437
2.4562984360065454
4.441375990611433
1.0071214409510243
1.3217002126391053
2.024190560490459
3.2016667739403992
0.917625936119393
1.7457574971439627
2.4718209286797106
2.4927832426070595
1.6929848877656026
3.5063962177057206
5.06697373863285
3.7259073578356374
0.8085917842162927
1.2817612024218323
1.4749796874983327
1.99454371825127
1.4704834609021222
3.4302478133818446
3.261148046527375
2.842829032691085
4.159812085598593
2.4047431284683154
5.755650023128063
4.497799187896119
2.102171407568507
1.8900070802864914
2.234139415564008
2.227481728916927
2.6816629897393747
4.6918214962396005
4.6126205157125115
7.726185358241536
2.372756282774647
3.4494274489840975
3.5247147255913918
3.475994335529239
1.2232584087697467
1.407209062273474
1.5615998174358525
2.814002119493211
1.4739830479381926
1.7723721135940576
2.536341394095086
3.1512201183859845
3.5048928690104146
4.654187198333491
4.4681048304183175
4.325058249297257
1.4109362377830725
2.7388051217786904
3.2276176537179033
3.68793836531032
1.471546815465536
2.557277995283771
2.014161614771384
3.4322193959864307
1.9305981142919457
5.6473669219875715
2.8669001442328623
3.6376141880398993
2.3606073598795247
3.713644477709725
4.960198123788694
3.8470748841283875
1.3653224532462733
2.304762596353285
2.5860507085343607
2.4666860549005674
3.0521622536481368
4.305752707727142
5.378705938927697
7.51714410029894
1.432135154738361
2.2209110905937726
3.8569167545974743
3.3408298167861035
1.2546932010431295
2.1160328360344907
1.6528875917402763
1.8554700130717852
2.889491988266537
4.070433082483133
3.2333549967641435
5.161836147735063
3.9622723324156266
5.700353964646808
5.0659839298921945
5.492730004796238
1.8256265465224253
2.607899607751116
3.4503809569792487
2.9532513759862384
3.0165987435971604
1.774775120769658
3.195497031608813
3.6291083943520417
1.176688936943486
1.626137056404336
1.476272867849746
3.770707939244973
1.6198026405824957
3.5143883027560427
3.2898948231882157
3.370423718802638
1.4987627164631083
4.620092289896112
4.098652224721172
2.1097471563030803
1.871405172441689
1.6430852222957337
3.6824599165917506
2.7904036694221497
1.6471308151873227
2.362446498213052
3.6330572335295073
6.847409150734467
4.434837905970085
3.111302507588941
4.324633900274257
4.600445741205873
5.692053383823778
6.1289338269201
4.907585877206204
15.062107828813192
1.9447145538219115
3.2657203813124904
4.991594920627878
4.139682621791047
2.7366880153105813
7.604990958880932
7.494892563195987
6.523247447351083
1.4283225147754164
2.191736914375751
2.330792983300907
2.1805962510939585
1.8374942034927966
2.858828012002855
3.1445637908860786
3.3052491779657007
1.8374942034927966
2.858828012002855
3.1445637908860786
3.3052491779657007
